250 0.0722501 0.281476 0.499997 0.499997 0.499997 0.499997 0.466998 0.403998 6.75681e-07 6.75681e-07 6.75681e-07 0.0121139 0.0796681
300 -0.0205563 0.201026 0.317999 0.339999 0.317999 0.295 0.26 0.229 0.0727544 0.110883 0.164062 0.272021 0.390778
350 0.0775734 0.249993 0.380999 0.408998 0.380999 0.352999 0.314 0.282 0.0156027 0.0382236 0.0819864 0.193679 0.332804
400 0.0344254 0.5 0.499997 0.499997 0.499997 0.499997 0.499997 0.499997 0 0 0 0 0
500 -0.483165 0.5 0.499997 0.499997 0.499997 0.499997 0.499997 0.499997 2.82367e-13 2.82367e-13 2.82367e-13 2.82367e-13 2.82367e-13
450 -0.423071 0.5 0.499997 0.499997 0.499997 0.499997 0.499997 0.499997 1.16513e-08 1.16513e-08 1.16513e-08 1.16513e-08 1.16513e-08
550 0.167178 0.5 0.499997 0.499997 0.499997 0.499997 0.499997 0.499997 5.25072e-13 5.25072e-13 5.25072e-13 5.25072e-13 5.25072e-13
600 0.154773 0.264537 0.327999 0.348999 0.327999 0.308 0.281 0.261 0.0367207 0.0893112 0.17849 0.36358 0.52988
700 -0.0203898 0.112471 0 0 0 0 0 0 1 1 1 1 1
650 -0.195848 0.5 0.499997 0.499997 0.499997 0.499997 0.499997 0.499997 1.06182e-17 1.06182e-17 1.06182e-17 1.06182e-17 1.06182e-17
750 0.116797 0.227244 0.236 0.247 0.236 0.224 0.207 0.193 0.338661 0.426839 0.527238 0.665092 0.764633
800 0.117072 0.224556 0.228 0.238 0.228 0.217 0.201 0.188 0.385528 0.470284 0.564947 0.694913 0.785585
900 0.120387 0.221534 0.216 0.225 0.216 0.207 0.193 0.181 0.468225 0.550634 0.630909 0.744171 0.824398
850 0.11894 0.223074 0.221 0.231 0.221 0.211 0.197 0.184 0.429724 0.518474 0.606313 0.719879 0.808642
1000 0.120814 0.217949 0.207 0.216 0.207 0.199 0.186 0.176 0.518615 0.603426 0.675022 0.777915 0.842471
950 0.120658 0.219627 0.212 0.22 0.212 0.203 0.189 0.178 0.496497 0.571136 0.652035 0.764208 0.836079
1100 0.124912 0.192955 0.201 0.209 0.201 0.194 0.182 0.172 0.575233 0.652836 0.715952 0.809423 0.870734
1050 0.122213 0.196818 0.204 0.212 0.204 0.196 0.184 0.174 0.54788 0.624327 0.696172 0.79053 0.854049
1200 0.126353 0.1882 0.196 0.203 0.196 0.189 0.178 0.169 0.617504 0.68584 0.748333 0.831527 0.884596
1150 0.125516 0.190756 0.199 0.206 0.199 0.191 0.18 0.171 0.595086 0.663505 0.735444 0.819753 0.874444
1250 0.128372 0.185972 0.194 0.201 0.194 0.187 0.177 0.168 0.638058 0.706587 0.768406 0.842618 0.894309
1300 0.128784 0.184248 0.192 0.199 0.192 0.185 0.175 0.166 0.648455 0.717379 0.779052 0.852225 0.9024
1400 0.131373 0.181174 0.188 0.195 0.188 0.182 0.172 0.164 0.686015 0.754025 0.805351 0.875001 0.916502
1350 0.129775 0.182806 0.19 0.197 0.19 0.184 0.174 0.165 0.665597 0.734171 0.786672 0.859337 0.908491
1450 0.13254 0.180129 0.187 0.193 0.187 0.181 0.172 0.164 0.704822 0.762931 0.814125 0.876846 0.918635
1500 0.133581 0.178862 0.186 0.191 0.186 0.179 0.17 0.163 0.722696 0.770955 0.829849 0.889824 0.924664
1550 0.13441 0.177674 0.184 0.19 0.184 0.178 0.169 0.162 0.730734 0.788069 0.837552 0.896437 0.930162
1600 0.135173 0.177017 0.183 0.189 0.183 0.177 0.169 0.161 0.738031 0.795474 0.844671 0.897042 0.935229
1700 0.136911 0.175072 0.181 0.186 0.181 0.175 0.167 0.16 0.766059 0.812983 0.860941 0.910748 0.942209
1650 0.135915 0.175841 0.182 0.187 0.182 0.176 0.168 0.16 0.756392 0.803569 0.852236 0.903471 0.940276
1800 0.137886 0.173519 0.179 0.184 0.179 0.173 0.166 0.159 0.780345 0.826838 0.873648 0.916136 0.946875
1750 0.13675 0.1743 0.18 0.185 0.18 0.174 0.166 0.159 0.768981 0.816032 0.863935 0.913391 0.94439
1900 0.138603 0.17232 0.177 0.182 0.177 0.172 0.164 0.158 0.795689 0.841138 0.879396 0.92626 0.951127
1850 0.138856 0.172981 0.178 0.183 0.178 0.173 0.165 0.158 0.791722 0.837414 0.876029 0.923602 0.95252
2000 0.139517 0.170882 0.175 0.18 0.175 0.17 0.163 0.157 0.810639 0.855168 0.892043 0.93156 0.955607
1950 0.139 0.171772 0.176 0.181 0.176 0.171 0.164 0.157 0.80384 0.848619 0.886022 0.926582 0.955052
2050 0.140239 0.170605 0.175 0.179 0.175 0.17 0.163 0.156 0.821951 0.857164 0.894115 0.933475 0.960426
2100 0.141051 0.170078 0.174 0.179 0.174 0.169 0.162 0.156 0.822648 0.866516 0.902277 0.939792 0.962011
2150 0.142421 0.169592 0.173 0.178 0.173 0.169 0.162 0.156 0.837026 0.879239 0.906965 0.943713 0.965114
2200 0.141755 0.169098 0.173 0.177 0.173 0.168 0.161 0.155 0.839434 0.873596 0.908707 0.944958 0.965996
2250 0.140513 0.168479 0.172 0.176 0.172 0.167 0.161 0.155 0.838289 0.872517 0.907748 0.939835 0.962443
2300 0.141618 0.168192 0.172 0.176 0.172 0.167 0.16 0.155 0.841175 0.875686 0.910957 0.947045 0.96484
2350 0.142187 0.1678 0.171 0.175 0.171 0.166 0.16 0.154 0.851851 0.885062 0.918645 0.948494 0.968898
2400 0.141254 0.167276 0.17 0.174 0.17 0.166 0.159 0.154 0.852868 0.885872 0.91323 0.948871 0.966305
2500 0.141494 0.166463 0.169 0.173 0.169 0.165 0.159 0.153 0.858318 0.891014 0.917901 0.948429 0.969156
2450 0.142418 0.16706 0.17 0.174 0.17 0.166 0.159 0.154 0.857713 0.890504 0.917481 0.952219 0.968955
2600 0.143984 0.166193 0.169 0.173 0.169 0.165 0.158 0.153 0.868084 0.900436 0.926568 0.959277 0.974452
2550 0.143467 0.16655 0.169 0.173 0.169 0.165 0.159 0.153 0.867411 0.899446 0.92543 0.954374 0.97351
2650 0.14406 0.165799 0.168 0.172 0.168 0.164 0.158 0.153 0.87506 0.906409 0.93153 0.959049 0.974421
2700 0.14265 0.165309 0.167 0.171 0.167 0.163 0.157 0.152 0.874825 0.905836 0.930775 0.958243 0.973701
2800 0.144611 0.164967 0.167 0.171 0.167 0.163 0.157 0.152 0.881551 0.912469 0.936925 0.963231 0.97758
2750 0.143474 0.16507 0.167 0.171 0.167 0.163 0.157 0.152 0.876765 0.908011 0.932965 0.960174 0.975279
2850 0.144092 0.164717 0.167 0.171 0.167 0.163 0.157 0.152 0.876283 0.908322 0.933758 0.961236 0.976292
2900 0.144101 0.164531 0.167 0.17 0.167 0.163 0.157 0.152 0.883557 0.907289 0.933101 0.960954 0.976186
2950 0.144495 0.164229 0.166 0.17 0.166 0.162 0.157 0.152 0.883345 0.914625 0.939154 0.961646 0.976842
3000 0.143938 0.163826 0.166 0.169 0.166 0.162 0.156 0.151 0.887127 0.910664 0.936096 0.963251 0.977899
3050 0.143895 0.163593 0.165 0.169 0.165 0.161 0.156 0.151 0.886636 0.917261 0.941201 0.963072 0.977788
3100 0.14612 0.163575 0.165 0.169 0.165 0.161 0.156 0.151 0.896701 0.926314 0.948952 0.96906 0.982115
3150 0.145398 0.163204 0.165 0.168 0.165 0.161 0.156 0.151 0.900414 0.922527 0.945947 0.966923 0.980679
3200 0.144975 0.16287 0.164 0.168 0.164 0.161 0.155 0.151 0.894665 0.924841 0.942766 0.968448 0.979579
3250 0.144473 0.162754 0.164 0.167 0.164 0.16 0.155 0.151 0.900714 0.922809 0.946193 0.967116 0.978555
3300 0.144592 0.162303 0.164 0.167 0.164 0.16 0.155 0.15 0.899041 0.921716 0.945663 0.967008 0.980908
3350 0.144805 0.162352 0.164 0.167 0.164 0.16 0.155 0.15 0.898543 0.921557 0.945798 0.967308 0.98123
3400 0.145437 0.162053 0.163 0.167 0.163 0.16 0.155 0.15 0.901273 0.930737 0.947988 0.968995 0.982432
3450 0.146357 0.162105 0.163 0.167 0.163 0.16 0.155 0.15 0.906537 0.935086 0.95165 0.971602 0.984171
3500 0.146001 0.161852 0.163 0.166 0.163 0.16 0.154 0.15 0.910856 0.932294 0.949512 0.973458 0.983427
3550 0.145967 0.161731 0.163 0.166 0.163 0.159 0.154 0.15 0.909957 0.931641 0.954004 0.973261 0.983327
3600 0.14603 0.161433 0.162 0.166 0.162 0.159 0.154 0.15 0.908773 0.937258 0.953652 0.973196 0.983369
3650 0.14579 0.161406 0.163 0.166 0.163 0.159 0.154 0.15 0.905874 0.928645 0.952123 0.972305 0.98282
3700 0.145156 0.16096 0.162 0.165 0.162 0.159 0.154 0.15 0.909208 0.931312 0.949014 0.97028 0.981446
3750 0.144773 0.160675 0.162 0.165 0.162 0.158 0.153 0.149 0.906271 0.928903 0.952248 0.972335 0.982813
3800 0.147048 0.160799 0.162 0.165 0.162 0.158 0.153 0.149 0.918819 0.939723 0.960753 0.978219 0.98697
3850 0.146849 0.1608 0.162 0.165 0.162 0.158 0.154 0.15 0.915706 0.937449 0.95933 0.974545 0.984672
3900 0.145806 0.160453 0.161 0.164 0.161 0.158 0.153 0.149 0.919366 0.93984 0.956 0.975025 0.984763
3950 0.147307 0.160456 0.161 0.164 0.161 0.158 0.153 0.149 0.92648 0.946032 0.96122 0.978693 0.987372
4000 0.146238 0.160057 0.161 0.164 0.161 0.158 0.153 0.149 0.918246 0.939543 0.956231 0.975647 0.985418
4050 0.145329 0.159755 0.161 0.164 0.161 0.157 0.153 0.149 0.91159 0.934145 0.956958 0.972915 0.983599
4100 0.14739 0.159972 0.16 0.163 0.16 0.157 0.153 0.149 0.931842 0.950575 0.964949 0.9786 0.987457
4150 0.146908 0.159617 0.16 0.163 0.16 0.157 0.152 0.148 0.928042 0.947665 0.962778 0.979946 0.988325
4200 0.145662 0.159246 0.16 0.163 0.16 0.157 0.152 0.148 0.919542 0.940849 0.957455 0.976619 0.986157
4250 0.145909 0.158923 0.159 0.162 0.159 0.156 0.152 0.148 0.927334 0.947216 0.962516 0.977085 0.98656
4300 0.145491 0.158895 0.159 0.162 0.159 0.156 0.152 0.148 0.925846 0.945818 0.961273 0.976096 0.985827
4350 0.148204 0.159166 0.16 0.162 0.16 0.156 0.152 0.148 0.93942 0.951792 0.97046 0.982687 0.990302
4400 0.14648 0.158599 0.159 0.162 0.159 0.156 0.151 0.148 0.929475 0.949191 0.964245 0.981123 0.987541
4450 0.146382 0.1587 0.159 0.162 0.159 0.156 0.152 0.148 0.928273 0.948331 0.96365 0.978091 0.987354
4500 0.145947 0.158269 0.159 0.162 0.159 0.156 0.151 0.148 0.923728 0.944979 0.961252 0.979543 0.98651
4550 0.147264 0.158279 0.158 0.161 0.158 0.156 0.151 0.147 0.939041 0.957013 0.966415 0.982755 0.990392
4600 0.147273 0.158194 0.158 0.161 0.158 0.156 0.151 0.147 0.938004 0.956411 0.966022 0.982673 0.990411
4650 0.146726 0.158131 0.159 0.161 0.159 0.156 0.151 0.148 0.933847 0.947399 0.963494 0.981257 0.987872
4700 0.147125 0.157895 0.158 0.161 0.158 0.155 0.151 0.147 0.936304 0.955231 0.969343 0.982241 0.990191
4750 0.146901 0.157897 0.158 0.161 0.158 0.155 0.151 0.147 0.935474 0.954475 0.968692 0.981749 0.989847
4800 0.147177 0.157778 0.158 0.161 0.158 0.155 0.151 0.147 0.935655 0.954909 0.96923 0.982273 0.990272
4850 0.144999 0.157245 0.157 0.16 0.157 0.154 0.15 0.147 0.93093 0.950677 0.965633 0.979577 0.986579
4900 0.147162 0.157531 0.158 0.16 0.158 0.155 0.151 0.147 0.942028 0.954442 0.968965 0.982171 0.99025
4950 0.146681 0.157277 0.157 0.16 0.157 0.154 0.15 0.147 0.939195 0.957587 0.971195 0.983513 0.989492
5000 0.146325 0.157219 0.157 0.16 0.157 0.155 0.15 0.147 0.935786 0.955166 0.96524 0.982559 0.988889
5050 0.147358 0.156981 0.157 0.16 0.157 0.154 0.15 0.147 0.941054 0.959478 0.972926 0.984881 0.990561
5100 0.145923 0.156888 0.157 0.16 0.157 0.154 0.15 0.147 0.932638 0.952812 0.967826 0.981501 0.988176
5150 0.14695 0.156894 0.157 0.159 0.157 0.154 0.15 0.147 0.945157 0.957304 0.971359 0.983918 0.989918
5200 0.147967 0.157103 0.157 0.16 0.157 0.154 0.15 0.147 0.943416 0.961567 0.974662 0.98613 0.991483
5250 -0.225491 0.5 0.005 0.005 0.005 0.005 0.005 0.005 0.751648 0.751648 0.751648 0.751648 0.751648
5300 0.145989 0.156758 0.157 0.159 0.157 0.154 0.15 0.147 0.939208 0.95232 0.967641 0.98153 0.98827
5350 0.146686 0.15676 0.157 0.159 0.157 0.154 0.15 0.147 0.943103 0.955656 0.970208 0.983242 0.989482
5400 0.147909 0.156346 0.156 0.159 0.156 0.153 0.149 0.146 0.948208 0.965368 0.977554 0.988015 0.992789
5450 0.148042 0.1565 0.156 0.159 0.156 0.154 0.15 0.146 0.948668 0.965783 0.974344 0.986177 0.99297
5500 -0.212303 0.00333333 0.499997 0.499997 0.499997 0.499997 0.499997 0.499997 3.96391e-40 3.96391e-40 3.96391e-40 3.96391e-40 3.96391e-40
5550 0.074682 0.5 0.499997 0.499997 0.499997 0.499997 0.499997 0.499997 0 0 0 0 0
5600 0.147817 0.156188 0.156 0.159 0.156 0.153 0.15 0.146 0.945949 0.964055 0.97686 0.985587 0.992722
5650 -0.74719 0.00333333 0.499997 0.499997 0.499997 0.499997 0.499997 0.499997 9.12853e-15 9.12853e-15 9.12853e-15 9.12853e-15 9.12853e-15
5700 0.147928 0.15604 0.156 0.158 0.156 0.153 0.15 0.146 0.952009 0.963756 0.976876 0.985745 0.992916
5750 -0.590473 0.00333333 0.499997 0.499997 0.499997 0.499997 0.499997 0.499997 1.09201e-19 1.09201e-19 1.09201e-19 1.09201e-19 1.09201e-19
5800 0.14691 0.156081 0.156 0.159 0.156 0.153 0.15 0.146 0.93894 0.959034 0.973397 0.983286 0.991463
5850 -0.280683 0.5 0.499997 0.499997 0.499997 0.499997 0.499997 0.499997 3.44354e-21 3.44354e-21 3.44354e-21 3.44354e-21 3.44354e-21
5900 -0.790419 0.00333333 0.499997 0.499997 0.499997 0.499997 0.499997 0.499997 3.45912e-14 3.45912e-14 3.45912e-14 3.45912e-14 3.45912e-14
5950 0.146973 0.155797 0.156 0.158 0.156 0.153 0.149 0.146 0.946894 0.959455 0.973676 0.985942 0.991555
6000 0.0917795 0.5 0.499997 0.499997 0.499997 0 0 0 0 0 1 1 1
