19	14321.195312	290.258911
20	14633.996094	291.826965
21	14488.193359	290.639282
22	13462.048828	284.753540
23	13758.127930	286.098145
24	12644.077148	279.395416
25	12606.781250	279.235138
26	11054.022461	269.324524
27	12697.600586	279.141083
28	12075.465820	275.237396
29	11048.018555	268.608551
30	10398.577148	264.232483
31	11257.096680	269.614929
32	10178.320312	262.660095
33	10510.364258	264.413208
34	10903.468750	266.788513
35	9897.448242	260.242401
36	10153.147461	261.571228
37	9618.880859	257.859222
38	9057.200195	254.177673
39	8520.604492	250.056549
40	9297.042969	255.067917
41	8713.055664	250.948700
42	8533.544922	249.470169
43	7656.145508	243.089828
44	8375.176758	248.022568
45	8221.942383	246.484192
46	8182.393555	246.033127
47	7060.214355	237.466415
48	7062.115234	237.262314
49	6099.120605	229.281525
50	5603.240234	224.919342
51	5855.736816	226.694855
52	6710.224609	233.631485
53	6056.019531	227.856949
54	5575.995117	223.674728
55	5385.456543	221.476746
56	4599.323242	213.762970
57	6092.244629	227.057816
58	4728.246582	214.298126
59	4629.124512	212.441818
60	4874.772461	215.147934
61	3979.704102	205.576874
62	2951.187988	192.749741
63	2887.297363	191.223877
64	3463.067871	198.373550
65	4097.106445	204.763870
66	2554.378418	185.633163
67	3520.196289	197.555298
68	3755.889404	199.935623
69	4497.117676	206.736008
70	2510.634766	181.727051
71	2846.478516	186.189209
72	1259.656982	157.164413
73	1753.733887	166.726837
74	1694.868896	165.724640
75	1848.056519	167.654205
76	1541.109619	160.842621
77	773.790955	138.642090
78	1590.736816	158.976669
79	1127.420776	147.367126
80	604.588196	127.215584
81	984.472229	139.974075
82	537.873047	120.319756
83	1583.948120	151.741531
84	2192.281250	163.297760
85	429.123901	110.461388
86	770.100037	124.709541
87	170.951324	89.413307
88	236.982315	88.154945
89	461.096680	101.882553
90	221.535080	81.875175
91	656.432617	105.824203
92	175.711975	71.794685
93	200.955963	65.187042
94	125.309113	43.252613
95	109.256165	48.679672
96	134.980713	26.146545
97	483.957245	79.171562
98	664.897461	-42.586910
99	343.162964	-29.309437
100	161.716064	-2.774132
101	372.423706	-36.342735
102	381.236511	35.924431
103	233.712646	-27.256014
104	299.668518	-16.927584
105	467.052643	-51.832329
106	379.193939	14.290207
107	951.638855	-108.346581
108	1323.878052	-163.539078
109	1898.229492	-192.247299
110	369.149170	-23.451218
111	921.045288	-145.552109
112	1508.679443	-188.410492
113	626.865295	-104.240791
114	2109.526611	-251.631393
115	2680.443115	-283.658752
116	1071.026489	-171.394272
117	5030.201660	-436.648285
118	3441.590820	-353.500671
119	1868.400879	-252.397324
120	1851.538086	-251.682495
121	2804.029785	-358.675079
122	1079.238647	-193.491272
123	1199.123047	-211.830505
124	1832.810913	-287.907318
125	1316.593262	-241.086075
126	3062.075684	-439.256989
127	3867.039307	-482.293213
128	5143.991211	-562.984436
129	2695.869873	-409.875580
130	1162.046875	-241.875946
131	6733.639160	-745.094116
132	4819.621582	-584.547974
133	3979.931396	-558.780579
134	4888.944824	-631.297058
135	6189.174805	-791.301941
136	4655.160645	-594.267395
137	2908.115234	-488.832275
138	4068.246094	-604.564819
139	4227.515625	-668.180054
140	3868.942627	-636.685669
141	6739.244141	-897.859619
142	3222.284180	-611.388367
143	7044.028320	-920.005554
144	3568.246094	-629.853943
145	9534.673828	-1096.990356
146	6500.017578	-926.310120
147	14528.868164	-1640.854614
148	7162.892578	-995.616516
149	6209.281250	-1009.014404
150	6286.765137	-950.973389
151	11223.116211	-1489.310181
152	8593.547852	-1192.837036
153	12649.814453	-1606.097534
154	10103.897461	-1292.225464
155	7419.768555	-1164.060791
156	11278.832031	-1496.542725
157	12877.621094	-1806.372803
158	11544.780273	-1587.864624
159	11634.809570	-1619.118774
160	7099.684570	-1219.404785
161	18484.642578	-2483.020020
162	12843.710938	-1709.503662
163	19340.605469	-2573.918945
164	19653.716797	-2600.886230
165	11301.608398	-1783.251709
166	15687.134766	-2287.651123
167	16436.048828	-2371.580566
168	12162.831055	-1833.380249
169	11142.737305	-1830.009888
170	9595.473633	-1627.484009
171	13885.123047	-2138.814941
172	12684.346680	-2175.306152
173	18926.455078	-2781.940918
174	15670.777344	-2682.502197
175	10193.428711	-1806.821289
176	23644.933594	-3553.168457
177	21040.490234	-3312.669922
178	7351.100586	-1654.850830
179	16820.513672	-2741.705811
180	18649.648438	-3019.238770
181	7485.350098	-1565.115356
182	15336.979492	-2903.904785
183	13114.930664	-2437.969238
184	14023.954102	-2680.310547
185	16108.680664	-2795.043457
186	15284.892578	-2903.950195
187	21310.949219	-3370.835449
188	11514.970703	-2358.088135
189	20620.845703	-3342.895508
190	24327.494141	-4418.475586
191	22110.474609	-4144.516113
192	10488.133789	-2242.340576
193	9488.073242	-2279.795166
194	19538.076172	-3657.988525
195	29730.554688	-5798.846191
196	23353.804688	-4102.761719
197	24161.117188	-4218.256836
198	17447.818359	-3547.665039
199	16102.870117	-3432.993652
