19	7215.936035	10145.817383
20	5794.677246	9785.418945
21	5456.621094	9697.421875
22	6087.273438	9852.139648
23	2838.708984	8855.764648
24	3621.150146	9105.701172
25	3549.221436	9063.591797
26	1180.907715	7811.802734
27	2381.794189	8527.323242
28	1373.279907	8023.427734
29	1055.157471	7482.343750
30	1311.483032	7826.337891
31	771.715881	7217.992676
32	1053.272217	7537.010254
33	1238.487305	7502.428223
34	652.728088	7163.899902
35	916.603638	7227.687012
36	916.513489	7023.566895
37	848.477234	5240.586914
38	630.962585	5148.974609
39	640.478638	4928.923828
40	2463.647705	2549.351318
41	1068.582520	4040.682373
42	690.311646	4514.920898
43	1647.425171	2848.156738
44	476.703369	4768.813477
45	593.367371	4615.354004
46	3777.679199	323.342316
47	821.088257	3599.797363
48	931.558777	2543.720947
49	2027.140137	236.065262
50	6847.922852	-4991.554199
51	2967.062256	-1234.378052
52	2416.045654	-488.670990
53	5303.953125	-4006.742676
54	3351.284424	-3021.853271
55	8752.293945	-12593.631836
56	5923.047852	-8625.039062
57	3885.367432	-5564.955566
58	6063.517578	-12187.563477
59	2185.205811	-3028.591064
60	4021.806396	-8082.541504
61	6636.083496	-13866.732422
62	4330.679199	-12212.449219
63	5210.327148	-11657.000000
64	6734.082031	-17719.716797
65	6170.544434	-19072.921875
66	4022.407227	-11403.560547
67	12599.477539	-39086.140625
68	16282.347656	-57239.851562
69	21387.496094	-68626.859375
70	13496.640625	-49056.437500
71	12619.780273	-48711.500000
72	21556.580078	-88150.617188
73	9986.445312	-34144.320312
74	5036.750977	-28293.693359
75	3400.049072	-15461.330078
76	7145.893555	-34909.968750
77	8767.479492	-47863.117188
78	11871.827148	-47482.296875
79	8852.833008	-36966.421875
80	11789.843750	-52223.570312
81	5656.820801	-40120.125000
82	4649.513184	-29874.720703
83	6177.270508	-32602.705078
84	4694.240234	-29455.070312
85	12496.949219	-86823.867188
86	5156.646484	-39501.718750
87	4076.775879	-31146.304688
88	10338.328125	-55848.382812
89	8545.800781	-55047.082031
90	14499.872070	-84422.914062
91	8705.436523	-49613.066406
92	8199.879883	-67650.898438
93	6184.010254	-53987.425781
94	3753.052002	-36042.164062
95	8364.029297	-62859.628906
96	6266.178711	-42080.625000
97	2671.084717	-30331.183594
98	5761.019043	-57497.203125
99	5288.916992	-52825.000000
100	4250.424805	-30308.525391
101	6851.838867	-89732.195312
102	6688.545410	-63954.882812
103	5831.547363	-43849.343750
104	5647.312988	-52111.480469
105	22106.246094	-99605.617188
106	3374.959473	-46419.695312
107	7127.547363	-64213.742188
108	5290.122070	-75314.687500
109	6854.569824	-62961.742188
110	3811.490234	-58516.812500
111	2183.368408	-37929.003906
112	8141.174805	-74085.242188
113	4328.328125	-49250.191406
114	6207.728027	-59813.375000
115	8785.877930	-75456.601562
116	3193.352051	-39302.187500
117	2620.302979	-43781.765625
118	4246.667969	-51399.437500
119	23701.962891	-139092.875000
120	4880.012207	-62972.261719
121	2573.072510	-34492.226562
122	4581.393555	-43806.871094
123	1534.977661	-35170.261719
124	4589.188477	-67985.382812
125	3981.388184	-47587.289062
126	15863.694336	-98329.609375
127	4418.177734	-59685.011719
128	5958.375000	-77789.718750
129	4349.749023	-42095.738281
130	4432.429688	-55948.167969
131	6689.783203	-70928.140625
132	5382.713867	-92260.515625
133	6066.215332	-65422.640625
134	1969.303101	-60686.343750
135	8705.021484	-103558.210938
136	4384.715332	-65716.664062
137	3450.682373	-51711.929688
138	9862.714844	-83916.820312
139	5294.875000	-70129.375000
140	1865.196167	-64565.308594
141	7357.997559	-85811.382812
142	4111.873535	-53803.371094
143	4828.028809	-98321.929688
144	5067.558594	-70011.851562
145	4268.883301	-66966.859375
146	2872.206543	-56606.011719
147	4762.936035	-60022.882812
148	3241.993408	-67523.843750
149	3585.028809	-109345.414062
150	4428.313477	-63589.121094
151	6610.298828	-84150.015625
152	5621.270996	-99272.656250
153	5016.436523	-80151.125000
154	10793.033203	-149217.437500
155	7738.918945	-85525.531250
156	2915.449219	-54760.699219
157	5549.848145	-78366.429688
158	3144.676758	-81113.375000
159	4333.932129	-105967.273438
160	15754.129883	-139035.421875
161	3696.436035	-65902.835938
162	7452.868164	-89887.843750
163	4710.937012	-81738.601562
164	5053.412598	-79894.171875
165	5549.648438	-186332.765625
166	6094.857910	-102929.070312
167	15386.278320	-127978.726562
168	4714.554199	-72187.656250
169	14056.977539	-101447.750000
170	5217.514160	-116592.382812
171	2504.892334	-70381.570312
172	7351.023438	-103164.710938
173	8194.232422	-145097.687500
174	8353.198242	-108420.257812
175	4670.044922	-65158.312500
176	16432.478516	-110813.890625
177	6111.290527	-123770.304688
178	2641.549316	-119084.632812
179	5664.537109	-111831.562500
180	5162.649902	-84527.375000
181	9108.289062	-205235.265625
182	5302.297852	-54269.042969
183	10049.169922	-132968.640625
184	10508.038086	-102390.539062
185	5401.935547	-105866.226562
186	4086.256348	-86864.484375
187	1560.253174	-77537.648438
188	17060.410156	-160901.000000
189	9892.659180	-95180.976562
190	5330.427246	-125016.421875
191	2253.222656	-123054.468750
192	3131.153076	-91751.968750
193	4485.809082	-85016.078125
194	8184.228027	-123222.359375
195	11179.292969	-223926.703125
196	9278.115234	-107502.179688
197	5690.766602	-84823.539062
198	6528.611816	-131386.640625
199	10155.888672	-154495.265625
