250 -0.0323182 0.202222 0.283 0.303 0.283 0.261 0.228 0.197 0.161049 0.215095 0.28522 0.407302 0.531851
300 0.150587 0.314944 0.499997 0.499997 0.499997 0.499997 0.499997 0.499997 5.30802e-07 5.30802e-07 5.30802e-07 5.30802e-07 5.30802e-07
350 -3007.38 0.756095 0.499997 0.499997 0.499997 0.499997 0.499997 0.499997 5.78221e-06 5.78221e-06 5.78221e-06 5.78221e-06 5.78221e-06
400 0.139405 0.278803 0.499997 0.499997 0.499997 0.499997 0.403998 0.340999 2.11543e-08 2.11543e-08 2.11543e-08 0.0182295 0.149548
450 0.138501 0.268372 0.499997 0.499997 0.499997 0.400998 0.336999 0.298 3.77512e-09 3.77512e-09 0.0087409 0.109462 0.297794
500 -0.0847364 0.5 0.499997 0.499997 0.499997 0.499997 0.499997 0.499997 3.82335e-34 3.82335e-34 3.82335e-34 3.82335e-34 3.82335e-34
550 -0.0886256 0.5 0.499997 0.499997 0.499997 0.499997 0.499997 0.499997 1.55974e-33 1.55974e-33 1.55974e-33 1.55974e-33 1.55974e-33
600 -0.581196 0.5 0.499997 0.499997 0.499997 0.499997 0.499997 0.499997 1.92166e-10 1.92166e-10 1.92166e-10 1.92166e-10 1.92166e-10
650 -0.0392359 0.1119 0.499997 0.499997 0.499997 0.499997 0.499997 0.499997 3.17398e-12 3.17398e-12 3.17398e-12 3.17398e-12 3.17398e-12
700 -0.0223012 0.112357 0.499997 0.499997 0.499997 0.499997 0.499997 0.499997 6.50295e-14 6.50295e-14 6.50295e-14 6.50295e-14 6.50295e-14
750 -0.00839082 0.112352 0.499997 0.499997 0.499997 0.499997 0.499997 0.499997 4.81146e-16 4.81146e-16 4.81146e-16 4.81146e-16 4.81146e-16
800 0.117565 0.225177 0.229 0.239 0.229 0.218 0.202 0.189 0.382534 0.467064 0.561647 0.691827 0.782913
850 0.118539 0.223161 0.222 0.232 0.222 0.212 0.197 0.184 0.422089 0.510294 0.597996 0.719616 0.808059
900 0.119835 0.221555 0.217 0.226 0.217 0.207 0.193 0.181 0.459513 0.541482 0.630383 0.743138 0.823164
950 0.120766 0.219961 0.212 0.221 0.212 0.203 0.19 0.179 0.49028 0.574053 0.654601 0.758864 0.83163
1000 0.121525 0.218463 0.208 0.216 0.208 0.2 0.187 0.176 0.523566 0.599128 0.671145 0.774892 0.845907
1050 0.122708 0.19708 0.205 0.213 0.205 0.196 0.184 0.174 0.542135 0.618886 0.699823 0.793609 0.856547
1100 0.124286 0.193588 0.202 0.209 0.202 0.194 0.182 0.172 0.574199 0.642012 0.714257 0.807549 0.868947
1150 0.12562 0.190779 0.199 0.206 0.199 0.191 0.18 0.171 0.597238 0.66544 0.737086 0.820966 0.875332
1200 0.126872 0.188358 0.197 0.204 0.197 0.189 0.179 0.169 0.611483 0.680329 0.751919 0.827784 0.886927
1250 0.127848 0.186176 0.194 0.201 0.194 0.187 0.177 0.168 0.635556 0.704038 0.765926 0.840407 0.892457
1300 0.128915 0.184421 0.192 0.199 0.192 0.185 0.175 0.167 0.651491 0.719991 0.781208 0.853751 0.898626
1350 0.129724 0.182845 0.19 0.197 0.19 0.184 0.174 0.165 0.666493 0.734846 0.787169 0.859589 0.908591
1400 0.130978 0.181499 0.189 0.195 0.189 0.182 0.173 0.164 0.68511 0.743728 0.804149 0.867746 0.915445
1450 0.132138 0.180179 0.187 0.193 0.187 0.181 0.172 0.164 0.703155 0.761223 0.812457 0.875361 0.917395
1500 0.133086 0.178967 0.186 0.191 0.186 0.179 0.171 0.163 0.720962 0.769129 0.82802 0.882349 0.923247
1550 0.134005 0.177917 0.184 0.19 0.184 0.178 0.17 0.162 0.728986 0.786311 0.83587 0.889311 0.928964
1600 0.134889 0.176886 0.183 0.189 0.183 0.177 0.169 0.161 0.737376 0.794685 0.843823 0.896221 0.93452
1650 0.135553 0.175981 0.182 0.187 0.182 0.176 0.168 0.16 0.754947 0.802103 0.850825 0.902237 0.939289
1700 0.136081 0.175092 0.181 0.186 0.181 0.175 0.167 0.16 0.762103 0.809123 0.857369 0.907764 0.939828
1750 0.136591 0.174308 0.18 0.185 0.18 0.174 0.166 0.159 0.769197 0.816058 0.863796 0.913135 0.944111
1800 0.137369 0.173615 0.179 0.184 0.179 0.173 0.166 0.159 0.778475 0.824912 0.871787 0.914493 0.945536
1850 0.138216 0.172972 0.178 0.183 0.178 0.173 0.165 0.158 0.788572 0.834405 0.873266 0.921372 0.950804
1900 0.138654 0.172386 0.177 0.182 0.177 0.172 0.164 0.158 0.796665 0.841925 0.880009 0.926644 0.951382
1950 0.138836 0.171696 0.176 0.181 0.176 0.171 0.164 0.157 0.802738 0.847635 0.885172 0.925927 0.954579
2000 0.13936 0.171115 0.175 0.18 0.175 0.17 0.163 0.157 0.811329 0.85552 0.892143 0.931445 0.955412
2050 0.139952 0.170552 0.175 0.179 0.175 0.17 0.163 0.156 0.820242 0.855594 0.892751 0.932421 0.959668
2100 0.140944 0.17013 0.174 0.179 0.174 0.169 0.162 0.156 0.822864 0.86656 0.902205 0.939637 0.961842
2150 0.141322 0.169633 0.173 0.178 0.173 0.169 0.162 0.156 0.831252 0.874 0.902272 0.940091 0.962396
2200 0.141488 0.16915 0.173 0.177 0.173 0.168 0.161 0.155 0.838597 0.872727 0.907863 0.944238 0.965421
2250 0.141127 0.168616 0.172 0.176 0.172 0.167 0.161 0.155 0.84229 0.876077 0.91072 0.942109 0.96409
2300 0.141397 0.168225 0.172 0.176 0.172 0.167 0.16 0.155 0.840879 0.875261 0.910452 0.946545 0.964398
2350 0.141496 0.167796 0.171 0.175 0.171 0.166 0.16 0.154 0.848045 0.881612 0.915718 0.946228 0.96725
2400 0.14175 0.167441 0.17 0.175 0.17 0.166 0.16 0.154 0.847417 0.888965 0.915828 0.946551 0.96763
2450 0.141586 0.167002 0.17 0.174 0.17 0.165 0.159 0.154 0.853016 0.88629 0.91984 0.949535 0.966919
2500 0.142166 0.166708 0.169 0.174 0.169 0.165 0.159 0.153 0.853567 0.894721 0.92105 0.950772 0.970794
2550 0.142593 0.166399 0.169 0.173 0.169 0.165 0.159 0.153 0.862626 0.895178 0.921743 0.951585 0.971542
2600 0.143249 0.16613 0.169 0.173 0.169 0.164 0.158 0.153 0.864224 0.896965 0.929305 0.957107 0.972838
2650 0.143332 0.165771 0.168 0.172 0.168 0.164 0.158 0.153 0.871776 0.903384 0.928857 0.956984 0.972855
2700 0.143273 0.165363 0.168 0.171 0.168 0.163 0.158 0.152 0.878102 0.901674 0.933254 0.956349 0.97506
2750 0.143355 0.165088 0.167 0.171 0.167 0.163 0.157 0.152 0.876805 0.907918 0.932794 0.959963 0.975081
2800 0.143911 0.164955 0.167 0.171 0.167 0.163 0.157 0.152 0.878021 0.909326 0.934233 0.961241 0.976126
2850 0.144013 0.164716 0.167 0.17 0.167 0.163 0.157 0.152 0.885102 0.908374 0.933714 0.961124 0.976172
2900 0.144092 0.164491 0.166 0.17 0.166 0.163 0.157 0.152 0.883636 0.914388 0.933125 0.960953 0.976177
2950 0.143923 0.164134 0.166 0.17 0.166 0.162 0.157 0.152 0.880587 0.912145 0.937022 0.959979 0.975617
3000 0.143924 0.163852 0.166 0.169 0.166 0.162 0.156 0.151 0.887849 0.911188 0.936415 0.963372 0.977932
3050 0.144352 0.163647 0.165 0.169 0.165 0.162 0.156 0.151 0.888718 0.919142 0.937486 0.964336 0.978713
3100 0.14504 0.163533 0.165 0.169 0.165 0.161 0.156 0.151 0.891428 0.921684 0.94507 0.96613 0.980044
3150 0.145362 0.163274 0.165 0.168 0.165 0.161 0.156 0.151 0.899588 0.921901 0.945532 0.966693 0.980564
3200 0.144752 0.162981 0.164 0.168 0.164 0.161 0.155 0.151 0.894905 0.924742 0.942511 0.968074 0.979219
3250 0.144408 0.162657 0.164 0.167 0.164 0.16 0.155 0.151 0.89968 0.922008 0.945645 0.966795 0.978358
3300 0.14443 0.162459 0.164 0.167 0.164 0.16 0.155 0.15 0.898469 0.921158 0.945157 0.966598 0.980603
3350 0.144987 0.162287 0.164 0.167 0.164 0.16 0.155 0.15 0.900056 0.922807 0.946737 0.967933 0.981623
3400 0.145246 0.162154 0.163 0.167 0.163 0.16 0.155 0.15 0.900604 0.930092 0.947393 0.968517 0.982082
3450 0.14542 0.161992 0.163 0.166 0.163 0.16 0.155 0.15 0.909053 0.930492 0.94781 0.968898 0.982385
3500 0.145525 0.161831 0.163 0.166 0.163 0.159 0.154 0.15 0.908749 0.930379 0.952803 0.972267 0.982538
3550 0.14564 0.16167 0.163 0.166 0.163 0.159 0.154 0.15 0.908364 0.930222 0.952841 0.972415 0.982706
3600 0.145806 0.161536 0.163 0.166 0.163 0.159 0.154 0.15 0.90787 0.930042 0.952925 0.972644 0.982953
3650 0.145567 0.16129 0.162 0.166 0.162 0.159 0.154 0.15 0.905006 0.934409 0.9514 0.971748 0.982396
3700 0.145052 0.161025 0.162 0.165 0.162 0.159 0.154 0.15 0.909071 0.931114 0.948788 0.97006 0.981258
3750 0.145308 0.160815 0.162 0.165 0.162 0.158 0.154 0.149 0.909873 0.93192 0.954543 0.970685 0.983879
3800 0.145633 0.1607 0.162 0.165 0.162 0.158 0.153 0.149 0.910601 0.932746 0.955374 0.974581 0.984444
3850 0.146266 0.160655 0.161 0.165 0.161 0.158 0.153 0.149 0.91356 0.94164 0.957552 0.976152 0.985583
3900 0.146567 0.160595 0.161 0.164 0.161 0.158 0.153 0.149 0.922503 0.942684 0.95848 0.97685 0.986101
3950 0.146313 0.160328 0.161 0.164 0.161 0.158 0.153 0.149 0.920642 0.9412 0.957325 0.976129 0.98563
4000 0.146127 0.160113 0.161 0.164 0.161 0.158 0.153 0.149 0.918278 0.939447 0.956062 0.975447 0.985238
4050 0.146048 0.159893 0.161 0.164 0.161 0.157 0.153 0.149 0.916839 0.938411 0.960072 0.975088 0.98505
4100 0.146164 0.159719 0.16 0.163 0.16 0.157 0.153 0.149 0.924682 0.944723 0.960296 0.975314 0.985245
4150 0.146339 0.159584 0.16 0.163 0.16 0.157 0.152 0.148 0.925066 0.945156 0.960727 0.978575 0.987388
4200 0.145913 0.159272 0.16 0.163 0.16 0.157 0.152 0.148 0.921276 0.942249 0.958556 0.977316 0.986615
4250 0.145426 0.159015 0.16 0.162 0.16 0.156 0.152 0.148 0.92546 0.939358 0.96102 0.975917 0.985707
4300 0.145983 0.158897 0.159 0.162 0.159 0.156 0.152 0.148 0.927753 0.947563 0.962794 0.977283 0.986694
4350 0.146331 0.158818 0.159 0.162 0.159 0.156 0.152 0.148 0.929419 0.948991 0.963977 0.978155 0.987301
4400 0.146993 0.158767 0.159 0.162 0.159 0.156 0.152 0.148 0.932089 0.951383 0.966021 0.97971 0.988405
4450 0.146431 0.158484 0.159 0.162 0.159 0.156 0.151 0.148 0.927986 0.948206 0.96363 0.980885 0.987426
4500 0.146683 0.158371 0.159 0.162 0.159 0.156 0.151 0.148 0.92875 0.94897 0.964334 0.981421 0.987852
4550 0.146694 0.158249 0.159 0.161 0.159 0.156 0.151 0.147 0.935676 0.948687 0.964185 0.981396 0.989531
4600 0.146902 0.158241 0.159 0.161 0.159 0.156 0.151 0.148 0.936355 0.94935 0.964785 0.981842 0.988211
4650 0.146676 0.158093 0.158 0.161 0.158 0.155 0.151 0.147 0.934485 0.95362 0.967986 0.981234 0.989497
4700 0.146652 0.158005 0.158 0.161 0.158 0.155 0.151 0.147 0.934135 0.953382 0.96783 0.981153 0.989459
4750 0.147012 0.157941 0.158 0.161 0.158 0.155 0.151 0.147 0.935782 0.954788 0.968982 0.981982 0.990018
4800 0.146363 0.157645 0.158 0.16 0.158 0.155 0.151 0.147 0.939004 0.951627 0.966554 0.980356 0.988987
4850 0.146251 0.157461 0.158 0.16 0.158 0.155 0.15 0.147 0.937745 0.950638 0.965886 0.982609 0.988794
4900 0.146304 0.157363 0.157 0.16 0.157 0.155 0.15 0.147 0.937641 0.956233 0.96593 0.982695 0.988878
4950 0.146458 0.157347 0.157 0.16 0.157 0.155 0.15 0.147 0.937975 0.956611 0.966306 0.983003 0.989127
5000 0.146705 0.157196 0.157 0.16 0.157 0.154 0.15 0.147 0.938722 0.957341 0.971094 0.983516 0.989527
5050 0.146591 0.157119 0.157 0.16 0.157 0.154 0.15 0.147 0.937372 0.956418 0.970488 0.983192 0.989336
5100 0.146689 0.156978 0.157 0.16 0.157 0.154 0.15 0.147 0.93747 0.956596 0.970694 0.983382 0.989496
5150 0.146695 0.156971 0.157 0.16 0.157 0.154 0.15 0.147 0.936973 0.956315 0.970556 0.983351 0.989502
5200 0.147218 0.156957 0.157 0.159 0.157 0.154 0.15 0.147 0.946566 0.958507 0.972279 0.984527 0.990346
5250 0.146813 0.156913 0.157 0.159 0.157 0.154 0.15 0.147 0.944212 0.956533 0.970807 0.983583 0.989696
5300 0.146517 0.156739 0.157 0.159 0.157 0.154 0.15 0.147 0.942501 0.955087 0.969715 0.982871 0.9892
5350 0.146427 0.156592 0.157 0.159 0.157 0.154 0.15 0.146 0.941354 0.954213 0.969154 0.982585 0.990667
5400 0.147195 0.156499 0.156 0.159 0.156 0.154 0.15 0.146 0.944923 0.962684 0.971688 0.984347 0.991805
5450 0.147153 0.156332 0.156 0.159 0.156 0.153 0.15 0.146 0.944046 0.962152 0.975163 0.984195 0.991758
5500 0.147051 0.156276 0.156 0.159 0.156 0.153 0.15 0.146 0.942998 0.961446 0.974707 0.983913 0.99162
5550 0.147067 0.1562 0.156 0.159 0.156 0.153 0.15 0.146 0.942484 0.961186 0.974605 0.983899 0.991654
5600 0.147692 0.156181 0.156 0.158 0.156 0.153 0.149 0.146 0.952313 0.963713 0.976549 0.987544 0.992543
5650 0.147498 0.155882 0.156 0.158 0.156 0.153 0.149 0.146 0.950937 0.962629 0.975816 0.987133 0.992288
5700 0.147646 0.155969 0.156 0.158 0.156 0.153 0.149 0.146 0.951481 0.963129 0.97623 0.987426 0.9925
5750 0.147049 0.155893 0.156 0.158 0.156 0.153 0.149 0.146 0.947715 0.960072 0.974062 0.986133 0.99166
5800 -0.721379 0.00333333 0.499997 0.499997 0.499997 0.499997 0.499997 0.499997 3.97038e-15 3.97038e-15 3.97038e-15 3.97038e-15 3.97038e-15
5850 -0.692392 0.00333333 0.499997 0.499997 0.499997 0.499997 0.499997 0.499997 1.23562e-15 1.23562e-15 1.23562e-15 1.23562e-15 1.23562e-15
5900 0.146916 0.155772 0.155 0.158 0.155 0.153 0.149 0.146 0.947219 0.964857 0.973676 0.985855 0.991457
5950 0.146691 0.155724 0.155 0.158 0.155 0.153 0.149 0.146 0.945606 0.963703 0.972771 0.985326 0.991118
6000 0.146654 0.155606 0.155 0.158 0.155 0.153 0.149 0.146 0.944882 0.963269 0.972475 0.985206 0.991067
