250 0.519914 0.537204 0.499997 0.499997 0.499997 0.499997 0.499997 0.499997 0.00201753 0.00201753 0.00201753 0.00201753 0.00201753
300 0.128087 0.297684 0.499997 0.499997 0.499997 0.499997 0.499997 0.441998 3.37337e-07 3.37337e-07 3.37337e-07 3.37337e-07 0.0211774
350 0.157704 0.300294 0.499997 0.499997 0.499997 0.499997 0.499997 0.499997 9.32449e-08 9.32449e-08 9.32449e-08 9.32449e-08 9.32449e-08
400 0.126347 0.269443 0.463998 0.499997 0.463998 0.404998 0.346999 0.308 1.66845e-08 0.000691984 0.0136829 0.103602 0.265324
450 0.020293 0.5 0.499997 0.499997 0.499997 0.499997 0.499997 0.499997 3.71656e-28 3.71656e-28 3.71656e-28 3.71656e-28 3.71656e-28
500 -0.0444098 0.140099 0.499997 0.499997 0.499997 0.499997 0.499997 0.499997 5.11028e-10 5.11028e-10 5.11028e-10 5.11028e-10 5.11028e-10
550 -0.088839 0.5 0.499997 0.499997 0.499997 0.499997 0.499997 0.499997 1.71432e-33 1.71432e-33 1.71432e-33 1.71432e-33 1.71432e-33
600 -0.418538 0.5 0.499997 0.499997 0.499997 0.499997 0.499997 0.499997 3.40398e-18 3.40398e-18 3.40398e-18 3.40398e-18 3.40398e-18
650 -0.0875004 0.5 0.499997 0.499997 0.499997 0.499997 0.499997 0.499997 3.7901e-34 3.7901e-34 3.7901e-34 3.7901e-34 3.7901e-34
700 -0.0933324 0.5 0.499997 0.499997 0.499997 0.499997 0.499997 0.499997 5.65722e-32 5.65722e-32 5.65722e-32 5.65722e-32 5.65722e-32
750 0.117321 0.227569 0.237 0.248 0.237 0.225 0.208 0.193 0.333187 0.421124 0.521611 0.660166 0.767132
800 0.117556 0.225011 0.229 0.239 0.229 0.218 0.202 0.188 0.380998 0.465588 0.56032 0.69082 0.788512
850 0.118376 0.22296 0.222 0.231 0.222 0.212 0.197 0.184 0.429028 0.508515 0.596301 0.718179 0.806922
900 0.119855 0.221408 0.216 0.226 0.216 0.207 0.193 0.181 0.458111 0.549296 0.62932 0.742399 0.822686
950 0.120984 0.219901 0.212 0.221 0.212 0.203 0.19 0.178 0.48969 0.573706 0.654494 0.75904 0.837795
1000 0.121488 0.218363 0.208 0.216 0.208 0.199 0.187 0.176 0.52262 0.598259 0.679023 0.774317 0.845493
1050 0.122989 0.196654 0.205 0.212 0.205 0.196 0.184 0.174 0.552228 0.619404 0.700508 0.794401 0.857328
1100 0.124446 0.193339 0.202 0.209 0.202 0.194 0.182 0.172 0.574129 0.642077 0.714452 0.807869 0.869302
1150 0.125586 0.190663 0.199 0.206 0.199 0.191 0.18 0.171 0.595892 0.664256 0.736108 0.820275 0.874849
1200 0.126654 0.188214 0.196 0.203 0.196 0.189 0.178 0.169 0.620139 0.688322 0.750592 0.833345 0.886025
1250 0.127852 0.186066 0.194 0.201 0.194 0.187 0.177 0.168 0.63529 0.70382 0.765756 0.840299 0.892394
1300 0.12916 0.184225 0.192 0.199 0.192 0.185 0.175 0.166 0.651409 0.720152 0.781556 0.854251 0.903966
1350 0.129644 0.182839 0.19 0.197 0.19 0.184 0.174 0.165 0.666124 0.734471 0.786804 0.859268 0.908327
1400 0.130873 0.181452 0.189 0.195 0.189 0.182 0.173 0.164 0.684572 0.743195 0.803645 0.867311 0.915097
1450 0.132398 0.180087 0.187 0.193 0.187 0.181 0.172 0.164 0.70381 0.761987 0.813274 0.876159 0.918102
1500 0.133262 0.178804 0.185 0.191 0.185 0.179 0.17 0.163 0.721071 0.778422 0.828366 0.888579 0.923641
1550 0.134216 0.177808 0.184 0.19 0.184 0.178 0.169 0.162 0.729895 0.787226 0.836745 0.895745 0.929588
1600 0.134695 0.176947 0.183 0.189 0.183 0.177 0.169 0.161 0.73615 0.793543 0.8428 0.895389 0.933887
1650 0.135719 0.17595 0.182 0.187 0.182 0.176 0.168 0.16 0.755851 0.802969 0.851613 0.902888 0.939787
1700 0.136287 0.175034 0.181 0.186 0.181 0.175 0.167 0.16 0.762637 0.809728 0.858004 0.908361 0.940341
1750 0.136573 0.174226 0.18 0.185 0.18 0.174 0.166 0.159 0.768274 0.815318 0.863254 0.912807 0.943917
1800 0.137418 0.173533 0.179 0.184 0.179 0.173 0.165 0.159 0.778695 0.825128 0.871987 0.919766 0.945671
1850 0.138233 0.172978 0.178 0.183 0.178 0.173 0.165 0.158 0.788556 0.834409 0.873284 0.921401 0.950835
1900 0.138462 0.172354 0.177 0.182 0.177 0.172 0.164 0.158 0.795171 0.840611 0.878888 0.925828 0.950771
1950 0.139034 0.171735 0.176 0.181 0.176 0.171 0.164 0.157 0.804148 0.848882 0.88624 0.92674 0.955161
2000 0.139742 0.171048 0.175 0.18 0.175 0.17 0.163 0.157 0.813546 0.857533 0.893905 0.932821 0.956464
2050 0.140002 0.170519 0.175 0.179 0.175 0.17 0.163 0.156 0.820234 0.85563 0.892822 0.932514 0.959758
2100 0.140715 0.170113 0.174 0.179 0.174 0.169 0.162 0.156 0.821075 0.865031 0.900943 0.938727 0.961189
2150 0.141506 0.169618 0.173 0.178 0.173 0.169 0.162 0.156 0.83245 0.875043 0.903181 0.940765 0.962888
2200 0.141523 0.169086 0.173 0.177 0.173 0.168 0.161 0.155 0.838392 0.872603 0.907815 0.944253 0.965459
2250 0.140841 0.168517 0.172 0.176 0.172 0.167 0.161 0.155 0.840427 0.874421 0.90934 0.941055 0.963328
2300 0.141255 0.168211 0.172 0.176 0.172 0.167 0.16 0.155 0.839834 0.874348 0.909707 0.946019 0.964006
2350 0.141667 0.167853 0.171 0.175 0.171 0.167 0.16 0.154 0.848917 0.882415 0.910281 0.946774 0.967653
2400 0.141687 0.167376 0.17 0.174 0.17 0.166 0.159 0.154 0.856217 0.88873 0.91561 0.950499 0.96749
2450 0.141734 0.166954 0.17 0.174 0.17 0.165 0.159 0.153 0.853778 0.886987 0.920437 0.949999 0.97006
2500 0.142141 0.166712 0.169 0.174 0.169 0.165 0.159 0.153 0.853214 0.894456 0.920847 0.950642 0.970716
2550 0.142929 0.166445 0.169 0.173 0.169 0.165 0.159 0.153 0.864514 0.896857 0.92319 0.952678 0.972312
2600 0.143446 0.166023 0.169 0.173 0.169 0.164 0.158 0.153 0.865139 0.897811 0.930031 0.957668 0.973264
2650 0.143486 0.165754 0.168 0.172 0.168 0.164 0.158 0.153 0.872391 0.903969 0.929386 0.957405 0.973181
2700 0.143307 0.165405 0.168 0.171 0.168 0.164 0.158 0.152 0.878204 0.901778 0.927764 0.956434 0.975125
2750 0.143242 0.165007 0.167 0.171 0.167 0.163 0.157 0.152 0.875859 0.907148 0.932184 0.959555 0.974804
2800 0.143985 0.164917 0.167 0.171 0.167 0.163 0.157 0.152 0.878095 0.909453 0.934385 0.961393 0.976256
2850 0.144385 0.164796 0.167 0.171 0.167 0.163 0.157 0.152 0.8786 0.910218 0.935264 0.962241 0.976974
2900 0.144068 0.164518 0.167 0.17 0.167 0.163 0.157 0.152 0.88345 0.907181 0.932998 0.960869 0.97612
2950 0.143729 0.164065 0.166 0.17 0.166 0.162 0.156 0.152 0.879518 0.911211 0.936235 0.963065 0.975182
3000 0.144277 0.163843 0.166 0.169 0.166 0.162 0.156 0.151 0.889466 0.912688 0.937718 0.964345 0.978643
3050 0.144498 0.163661 0.165 0.169 0.165 0.162 0.156 0.151 0.889463 0.919795 0.938062 0.964753 0.979011
3100 0.145358 0.163535 0.165 0.169 0.165 0.161 0.156 0.151 0.893051 0.923098 0.94625 0.967018 0.980671
3150 0.145446 0.163307 0.165 0.168 0.165 0.161 0.156 0.151 0.900313 0.922497 0.945979 0.966989 0.98075
3200 0.144651 0.162945 0.164 0.168 0.164 0.161 0.155 0.151 0.894034 0.924065 0.941964 0.967735 0.978984
3250 0.144326 0.162652 0.164 0.167 0.164 0.16 0.155 0.151 0.899157 0.921558 0.945288 0.966542 0.978173
3300 0.144329 0.16238 0.164 0.167 0.164 0.16 0.155 0.15 0.897872 0.920637 0.944737 0.966294 0.980396
3350 0.144903 0.162239 0.163 0.167 0.163 0.16 0.155 0.15 0.899466 0.928974 0.946351 0.967666 0.98145
3400 0.145255 0.162131 0.163 0.167 0.163 0.16 0.155 0.15 0.900474 0.930021 0.947353 0.968509 0.982089
3450 0.145744 0.162032 0.163 0.166 0.163 0.16 0.155 0.15 0.910765 0.931987 0.949083 0.969819 0.983008
3500 0.1457 0.161861 0.163 0.166 0.163 0.16 0.154 0.15 0.90951 0.931074 0.948443 0.972706 0.982867
3550 0.145619 0.161679 0.163 0.166 0.163 0.159 0.154 0.15 0.908257 0.930127 0.952764 0.972361 0.982666
3600 0.14586 0.16149 0.162 0.166 0.162 0.159 0.154 0.15 0.90833 0.936783 0.953194 0.972814 0.983066
3650 0.145449 0.161276 0.162 0.166 0.162 0.159 0.154 0.15 0.903904 0.933592 0.950764 0.97135 0.982135
3700 0.145239 0.161007 0.162 0.165 0.162 0.159 0.154 0.15 0.909979 0.931924 0.94949 0.970577 0.98164
3750 0.144885 0.160778 0.162 0.165 0.162 0.158 0.154 0.149 0.907406 0.9298 0.952879 0.969436 0.98306
3800 0.145867 0.160724 0.162 0.165 0.162 0.158 0.153 0.149 0.911686 0.933723 0.956179 0.975165 0.984869
3850 0.146703 0.160737 0.162 0.165 0.162 0.158 0.154 0.149 0.915736 0.937315 0.959085 0.974275 0.986348
3900 0.146493 0.160538 0.161 0.164 0.161 0.158 0.153 0.149 0.922392 0.942537 0.95832 0.976703 0.985981
3950 0.146903 0.160417 0.161 0.164 0.161 0.158 0.153 0.149 0.924073 0.944056 0.959639 0.977666 0.986681
4000 0.146322 0.160123 0.161 0.164 0.161 0.158 0.153 0.149 0.919026 0.940146 0.956685 0.975915 0.985584
4050 0.14572 0.15983 0.161 0.164 0.161 0.157 0.153 0.149 0.914652 0.93661 0.958735 0.97414 0.984408
4100 0.146352 0.159737 0.16 0.163 0.16 0.157 0.153 0.149 0.925964 0.945747 0.961093 0.975863 0.985606
4150 0.146591 0.159637 0.16 0.163 0.16 0.157 0.152 0.148 0.926486 0.946335 0.961678 0.9792 0.98781
4200 0.14593 0.15929 0.16 0.163 0.16 0.157 0.152 0.148 0.92124 0.942245 0.958571 0.977343 0.986642
4250 0.145389 0.158895 0.159 0.162 0.159 0.156 0.152 0.148 0.924541 0.944872 0.960609 0.975702 0.985609
4300 0.145719 0.158894 0.159 0.162 0.159 0.156 0.152 0.148 0.926403 0.946419 0.961856 0.976598 0.98622
4350 0.146763 0.158819 0.159 0.162 0.159 0.156 0.152 0.148 0.931562 0.950802 0.965455 0.979227 0.988035
4400 0.147054 0.158725 0.159 0.162 0.159 0.156 0.152 0.148 0.932473 0.951688 0.966257 0.979869 0.988508
4450 0.146181 0.158509 0.159 0.162 0.159 0.156 0.151 0.148 0.926627 0.947072 0.962714 0.980288 0.986983
4500 0.146601 0.158368 0.159 0.162 0.159 0.156 0.151 0.148 0.928203 0.948537 0.964 0.981219 0.987708
4550 0.147292 0.158386 0.159 0.161 0.159 0.156 0.151 0.148 0.939258 0.951749 0.966545 0.982826 0.988878
4600 0.147359 0.158278 0.159 0.161 0.159 0.156 0.151 0.148 0.938565 0.951312 0.966377 0.982879 0.988975
4650 0.146491 0.158043 0.158 0.161 0.158 0.155 0.151 0.147 0.933152 0.9526 0.967228 0.980747 0.9892
4700 0.146376 0.157903 0.158 0.161 0.158 0.155 0.151 0.147 0.93273 0.952211 0.96689 0.980488 0.989016
4750 0.147036 0.157951 0.158 0.161 0.158 0.155 0.151 0.147 0.936044 0.954973 0.969107 0.982053 0.990055
4800 0.146505 0.15764 0.158 0.16 0.158 0.155 0.151 0.147 0.939416 0.95204 0.966937 0.980666 0.989215
4850 0.145886 0.157401 0.157 0.16 0.157 0.155 0.15 0.147 0.935818 0.954663 0.964544 0.981758 0.988175
4900 0.146268 0.157398 0.157 0.16 0.157 0.155 0.15 0.147 0.937629 0.956184 0.965868 0.982628 0.98882
4950 0.146656 0.157347 0.157 0.16 0.157 0.155 0.15 0.147 0.938818 0.957338 0.966948 0.983435 0.98945
5000 0.146677 0.157183 0.157 0.16 0.157 0.154 0.15 0.147 0.938278 0.95705 0.970914 0.983428 0.989481
5050 0.14739 0.157168 0.157 0.16 0.157 0.154 0.15 0.147 0.941804 0.959942 0.973192 0.98499 0.990607
5100 0.146922 0.157059 0.157 0.16 0.157 0.154 0.15 0.147 0.938782 0.957641 0.971497 0.983918 0.989875
5150 0.146553 0.157018 0.157 0.16 0.157 0.154 0.15 0.147 0.936199 0.955689 0.970068 0.983021 0.989266
5200 0.147332 0.156954 0.157 0.159 0.157 0.154 0.15 0.147 0.947131 0.958994 0.972656 0.98478 0.990525
5250 0.146872 0.156704 0.157 0.159 0.157 0.154 0.15 0.146 0.944549 0.956818 0.971021 0.983721 0.99132
5300 0.146479 0.156673 0.157 0.159 0.157 0.154 0.15 0.147 0.941729 0.954521 0.969377 0.982722 0.98913
5350 0.146302 0.156541 0.156 0.159 0.156 0.154 0.15 0.146 0.94062 0.959163 0.968682 0.982275 0.990476
5400 0.147661 0.156617 0.156 0.159 0.156 0.154 0.15 0.146 0.947407 0.964621 0.973294 0.985396 0.992445
5450 0.147407 0.15647 0.156 0.159 0.156 0.154 0.15 0.146 0.945637 0.963344 0.972287 0.984797 0.992111
5500 0.146911 0.15623 0.156 0.159 0.156 0.153 0.15 0.146 0.942221 0.960836 0.974247 0.983579 0.991415
5550 -0.279247 0.00333333 0.499997 0.499997 0.499997 0.499997 0.499997 0.499997 1.85332e-34 1.85332e-34 1.85332e-34 1.85332e-34 1.85332e-34
5600 0.147552 0.156007 0.156 0.158 0.156 0.153 0.149 0.146 0.951464 0.963025 0.976063 0.987255 0.992355
5650 0.148199 0.155994 0.156 0.158 0.156 0.153 0.149 0.146 0.954371 0.965536 0.977997 0.988524 0.993232
5700 0.147596 0.156043 0.156 0.158 0.156 0.153 0.149 0.146 0.950871 0.962685 0.975967 0.987309 0.992442
5750 0.147489 0.155987 0.156 0.158 0.156 0.153 0.149 0.146 0.949967 0.961991 0.975516 0.987071 0.992303
5800 0.147237 0.155936 0.156 0.158 0.156 0.153 0.149 0.146 0.948861 0.961014 0.974743 0.986549 0.991934
5850 0.146844 0.155779 0.155 0.158 0.155 0.153 0.149 0.146 0.9471 0.964698 0.973512 0.985713 0.991343
5900 -7.41355e+06 0.5 0.171 0.173 0.171 0.169 0.166 0.164 0.653999 0.657999 0.661999 0.667999 0.671999
5950 0.14656 0.155756 0.156 0.158 0.156 0.153 0.149 0.146 0.944966 0.957758 0.972335 0.985034 0.990912
6000 0.146731 0.155614 0.155 0.158 0.155 0.153 0.149 0.146 0.945051 0.963464 0.972668 0.985365 0.991192
