250 1.05048 0.86994 0.499997 0.499997 0.499997 0.499997 0.499997 0.499997 0.000579502 0.000579502 0.000579502 0.000579502 0.000579502
300 0.151227 0.319309 0.499997 0.499997 0.499997 0.499997 0.499997 0.499997 7.04228e-07 7.04228e-07 7.04228e-07 7.04228e-07 7.04228e-07
350 0.144523 0.298876 0.499997 0.499997 0.499997 0.499997 0.499997 0.499997 1.7595e-07 1.7595e-07 1.7595e-07 1.7595e-07 1.7595e-07
400 0.140317 0.281689 0.499997 0.499997 0.499997 0.499997 0.447998 0.357999 2.99195e-08 2.99195e-08 2.99195e-08 0.0029396 0.104461
450 0.133399 0.266879 0.444998 0.499997 0.444998 0.386999 0.331999 0.295 5.23241e-09 0.00092934 0.0181287 0.128179 0.312016
500 -43.4031 0.5 0.499997 0.499997 0.499997 0.499997 0.499997 0.484997 5.77674e-06 5.77674e-06 5.77674e-06 5.77674e-06 0.0299808
550 -0.0884658 0.5 0.499997 0.499997 0.499997 0.499997 0.499997 0.499997 1.66e-33 1.66e-33 1.66e-33 1.66e-33 1.66e-33
600 -0.0908448 0.5 0.499997 0.499997 0.499997 0.499997 0.499997 0.499997 5.52996e-33 5.52996e-33 5.52996e-33 5.52996e-33 5.52996e-33
650 -0.321373 0.5 0.499997 0.499997 0.499997 0.499997 0.499997 0.499997 0 0 0 0 0
700 -0.0016995 0.5 0.499997 0.499997 0.499997 0.499997 0.499997 0.499997 0 0 0 0 0
750 0.117214 0.227981 0.238 0.25 0.238 0.226 0.209 0.194 0.321877 0.416667 0.516591 0.65492 0.762286
800 0.117465 0.225347 0.23 0.24 0.23 0.219 0.203 0.189 0.37601 0.460037 0.55443 0.685055 0.783414
850 0.118478 0.223343 0.223 0.233 0.223 0.213 0.198 0.185 0.415179 0.503032 0.590737 0.713012 0.802504
900 0.119532 0.221585 0.217 0.227 0.217 0.208 0.194 0.182 0.450881 0.541621 0.621597 0.735265 0.816567
950 0.12072 0.220109 0.213 0.221 0.213 0.204 0.19 0.179 0.491679 0.566076 0.646933 0.759515 0.832029
1000 0.121914 0.218756 0.209 0.217 0.209 0.2 0.187 0.176 0.516819 0.592643 0.673843 0.77722 0.84781
1050 0.122926 0.197389 0.205 0.213 0.205 0.197 0.185 0.174 0.544265 0.620931 0.693104 0.788081 0.857758
1100 0.124161 0.193814 0.202 0.21 0.202 0.194 0.182 0.172 0.564591 0.642173 0.714279 0.807415 0.868744
1150 0.125424 0.190951 0.199 0.206 0.199 0.192 0.18 0.171 0.597405 0.665424 0.728401 0.820615 0.87493
1200 0.126616 0.188543 0.197 0.204 0.197 0.189 0.179 0.169 0.610823 0.67955 0.751064 0.826927 0.886158
1250 0.12779 0.186399 0.194 0.201 0.194 0.187 0.177 0.168 0.636 0.704355 0.766126 0.840473 0.892445
1300 0.128645 0.18462 0.192 0.199 0.192 0.185 0.175 0.167 0.651058 0.719386 0.780493 0.85299 0.89791
1350 0.129992 0.18299 0.191 0.197 0.191 0.184 0.174 0.166 0.668557 0.727478 0.788922 0.860996 0.904986
1400 0.130909 0.181594 0.189 0.195 0.189 0.182 0.173 0.165 0.685036 0.743607 0.80399 0.86757 0.910722
1450 0.131951 0.180268 0.187 0.193 0.187 0.181 0.172 0.164 0.702871 0.760826 0.811989 0.874862 0.916932
1500 0.133165 0.179032 0.186 0.192 0.186 0.18 0.171 0.163 0.711461 0.769751 0.820794 0.882771 0.923562
1550 0.133837 0.177962 0.184 0.19 0.184 0.178 0.17 0.162 0.728382 0.785676 0.835242 0.888742 0.928491
1600 0.134797 0.176951 0.183 0.189 0.183 0.177 0.169 0.161 0.737397 0.794611 0.843683 0.896037 0.934334
1650 0.135337 0.176052 0.182 0.187 0.182 0.176 0.168 0.161 0.754028 0.801184 0.84995 0.901482 0.93475
1700 0.136034 0.175168 0.181 0.186 0.181 0.175 0.167 0.16 0.761918 0.808936 0.85719 0.907609 0.939701
1750 0.13677 0.174353 0.18 0.185 0.18 0.174 0.166 0.159 0.770595 0.817315 0.864862 0.91394 0.944705
1800 0.137302 0.173661 0.179 0.184 0.179 0.173 0.166 0.159 0.778269 0.82469 0.871566 0.914292 0.945368
1850 0.13779 0.172994 0.178 0.183 0.178 0.173 0.165 0.158 0.786516 0.832431 0.871444 0.919888 0.949655
1900 0.138466 0.172391 0.177 0.182 0.177 0.172 0.164 0.158 0.795763 0.841062 0.879218 0.926008 0.950875
1950 0.138928 0.171754 0.176 0.181 0.176 0.171 0.164 0.157 0.803703 0.848446 0.885833 0.926399 0.954896
2000 0.139379 0.17116 0.176 0.18 0.176 0.17 0.163 0.157 0.811752 0.84764 0.892393 0.931604 0.955513
2050 0.140135 0.170619 0.175 0.179 0.175 0.17 0.163 0.156 0.821827 0.85698 0.893888 0.933238 0.960218
2100 0.140668 0.170116 0.174 0.179 0.174 0.169 0.162 0.156 0.821354 0.865184 0.901002 0.938706 0.961138
2150 0.141101 0.169657 0.173 0.178 0.173 0.169 0.162 0.156 0.829955 0.872846 0.901252 0.939317 0.961821
2200 0.141213 0.169147 0.173 0.177 0.173 0.168 0.161 0.155 0.83696 0.871244 0.906601 0.943296 0.964731
2250 0.141306 0.168694 0.172 0.177 0.172 0.168 0.161 0.155 0.834275 0.877184 0.905389 0.942791 0.964575
2300 0.141264 0.168239 0.172 0.176 0.172 0.167 0.16 0.155 0.840352 0.874745 0.909978 0.946163 0.964089
2350 0.141412 0.167835 0.171 0.175 0.171 0.166 0.16 0.154 0.84802 0.881516 0.915571 0.946062 0.967098
2400 0.14166 0.167439 0.17 0.175 0.17 0.166 0.16 0.154 0.846688 0.888368 0.915333 0.946195 0.967387
2450 0.141827 0.167074 0.17 0.174 0.17 0.166 0.159 0.154 0.854518 0.887616 0.91495 0.950351 0.967531
2500 0.142185 0.166716 0.169 0.174 0.169 0.165 0.159 0.153 0.85403 0.895053 0.921296 0.950918 0.970874
2550 0.142665 0.166383 0.169 0.173 0.169 0.165 0.159 0.153 0.863106 0.895592 0.92209 0.951838 0.971714
2600 0.143069 0.166125 0.169 0.173 0.169 0.164 0.158 0.153 0.863484 0.896258 0.928679 0.95661 0.972454
2650 0.14334 0.16576 0.168 0.172 0.168 0.164 0.158 0.153 0.871743 0.903368 0.928853 0.95699 0.972865
2700 0.143382 0.165437 0.168 0.172 0.168 0.164 0.158 0.152 0.870034 0.90221 0.928122 0.956689 0.975295
2750 0.143363 0.165102 0.167 0.171 0.167 0.163 0.157 0.152 0.876713 0.907863 0.932765 0.959958 0.975086
2800 0.143835 0.164968 0.167 0.171 0.167 0.163 0.157 0.152 0.877531 0.908909 0.93389 0.961 0.975956
2850 0.143921 0.164725 0.167 0.17 0.167 0.163 0.157 0.152 0.884592 0.907916 0.93333 0.960847 0.975973
2900 0.143957 0.164449 0.166 0.17 0.166 0.162 0.157 0.152 0.883008 0.913821 0.93812 0.960568 0.975892
2950 0.143995 0.164166 0.166 0.17 0.166 0.162 0.157 0.152 0.881312 0.912714 0.937454 0.960273 0.975807
3000 0.144066 0.163882 0.166 0.169 0.166 0.162 0.156 0.151 0.88863 0.911888 0.937 0.96379 0.978229
3050 0.144596 0.163662 0.165 0.169 0.165 0.162 0.156 0.151 0.890145 0.920351 0.938529 0.965065 0.979221
3100 0.144816 0.16346 0.165 0.169 0.165 0.161 0.156 0.151 0.88995 0.920467 0.944102 0.965439 0.979575
3150 0.144827 0.163222 0.165 0.168 0.165 0.161 0.156 0.151 0.896874 0.919465 0.943502 0.965169 0.97949
3200 0.144806 0.162984 0.164 0.168 0.164 0.161 0.155 0.151 0.895283 0.925046 0.942765 0.968239 0.979338
3250 0.144474 0.162707 0.164 0.167 0.164 0.16 0.155 0.151 0.900166 0.922416 0.945959 0.96701 0.978511
3300 0.144565 0.162484 0.164 0.167 0.164 0.16 0.155 0.15 0.899181 0.921792 0.94568 0.966985 0.980872
3350 0.144727 0.162283 0.164 0.167 0.164 0.16 0.155 0.15 0.89891 0.921747 0.945826 0.967233 0.981124
3400 0.145078 0.162076 0.163 0.167 0.163 0.16 0.155 0.15 0.899784 0.92938 0.946773 0.968053 0.981758
3450 0.14538 0.162008 0.163 0.166 0.163 0.16 0.155 0.15 0.908668 0.930186 0.947572 0.968749 0.982297
3500 0.145482 0.161807 0.163 0.166 0.163 0.159 0.154 0.15 0.908519 0.930178 0.952642 0.972153 0.982456
3550 0.145588 0.161647 0.163 0.166 0.163 0.159 0.154 0.15 0.907975 0.929902 0.952601 0.972258 0.982598
3600 0.145401 0.161464 0.163 0.166 0.163 0.159 0.154 0.15 0.905524 0.928016 0.951323 0.97152 0.982147
3650 0.145491 0.161281 0.162 0.165 0.162 0.159 0.154 0.15 0.913011 0.934249 0.951228 0.971588 0.982263
3700 0.145146 0.161066 0.162 0.165 0.162 0.159 0.154 0.15 0.909807 0.931713 0.949266 0.970372 0.98147
3750 0.145433 0.160889 0.162 0.165 0.162 0.158 0.154 0.149 0.910324 0.932354 0.954927 0.971001 0.984105
3800 0.145666 0.16075 0.162 0.165 0.162 0.158 0.154 0.149 0.910941 0.933011 0.955556 0.971545 0.984512
3850 0.146074 0.160629 0.161 0.165 0.161 0.158 0.153 0.149 0.912638 0.940857 0.956886 0.975677 0.985241
3900 0.146669 0.16058 0.161 0.164 0.161 0.158 0.153 0.149 0.923133 0.943202 0.958894 0.97712 0.986283
3950 0.146223 0.160315 0.161 0.164 0.161 0.158 0.153 0.149 0.919919 0.940631 0.956888 0.975862 0.985458
4000 0.146178 0.160123 0.161 0.164 0.161 0.158 0.153 0.149 0.918891 0.939906 0.956396 0.97563 0.985346
4050 0.146187 0.159925 0.161 0.164 0.161 0.157 0.153 0.149 0.917904 0.939263 0.96068 0.975503 0.985321
4100 0.146049 0.159724 0.16 0.163 0.16 0.157 0.153 0.149 0.924014 0.94417 0.95985 0.974993 0.985024
4150 0.145982 0.159492 0.16 0.163 0.16 0.157 0.152 0.148 0.922878 0.943362 0.959297 0.977651 0.98677
4200 0.145966 0.159297 0.16 0.163 0.16 0.157 0.152 0.148 0.921674 0.942565 0.9588 0.977466 0.986712
4250 0.145675 0.159086 0.16 0.163 0.16 0.157 0.152 0.148 0.919181 0.940627 0.957332 0.976594 0.986166
4300 0.145929 0.158854 0.159 0.162 0.159 0.156 0.152 0.148 0.927375 0.947264 0.962565 0.977128 0.986594
4350 0.146168 0.158804 0.159 0.162 0.159 0.156 0.152 0.148 0.928433 0.948194 0.963349 0.977719 0.987013
4400 0.146342 0.158667 0.159 0.162 0.159 0.156 0.152 0.148 0.928529 0.948445 0.963673 0.97805 0.987295
4450 0.146725 0.15854 0.159 0.162 0.159 0.156 0.151 0.148 0.929927 0.949746 0.964817 0.981607 0.987942
4500 0.146617 0.158439 0.159 0.162 0.159 0.156 0.151 0.148 0.92882 0.948937 0.964244 0.981306 0.987746
4550 0.146779 0.158308 0.159 0.161 0.159 0.156 0.151 0.148 0.936142 0.949093 0.964506 0.981598 0.988007
4600 0.146834 0.158237 0.159 0.161 0.159 0.156 0.151 0.147 0.936074 0.94909 0.964565 0.98169 0.989746
4650 0.146826 0.158111 0.158 0.161 0.158 0.155 0.151 0.147 0.935524 0.954418 0.96858 0.981618 0.989733
4700 0.146652 0.157993 0.158 0.161 0.158 0.155 0.151 0.147 0.934062 0.953337 0.967805 0.981144 0.989457
4750 0.146408 0.157804 0.158 0.161 0.158 0.155 0.151 0.147 0.932363 0.952026 0.966823 0.980505 0.989064
4800 0.146432 0.157696 0.158 0.161 0.158 0.155 0.151 0.147 0.932231 0.951974 0.96682 0.980534 0.989099
4850 0.146212 0.157516 0.158 0.16 0.158 0.155 0.151 0.147 0.937697 0.950569 0.965804 0.979904 0.98873
4900 0.146182 0.157359 0.157 0.16 0.157 0.155 0.15 0.147 0.936912 0.955659 0.965449 0.982404 0.988672
4950 0.146313 0.157289 0.157 0.16 0.157 0.154 0.15 0.147 0.937199 0.955983 0.969948 0.982668 0.988886
5000 0.146901 0.157255 0.157 0.16 0.157 0.154 0.15 0.147 0.939718 0.958155 0.971735 0.983954 0.989843
5050 0.146684 0.15711 0.157 0.16 0.157 0.154 0.15 0.147 0.937979 0.956885 0.970837 0.983416 0.98949
5100 0.146972 0.157117 0.157 0.16 0.157 0.154 0.15 0.147 0.939069 0.957868 0.97167 0.984032 0.989955
5150 0.147018 0.15701 0.157 0.16 0.157 0.154 0.15 0.147 0.939004 0.957888 0.971734 0.984111 0.990029
5200 0.146734 0.156899 0.157 0.159 0.157 0.154 0.15 0.147 0.944079 0.956371 0.97063 0.983426 0.989566
5250 0.146667 0.156783 0.157 0.159 0.157 0.154 0.15 0.147 0.943327 0.955793 0.970255 0.983229 0.989452
5300 0.146415 0.156587 0.156 0.159 0.156 0.154 0.15 0.146 0.941788 0.959964 0.96929 0.982608 0.990645
5350 0.146793 0.156591 0.156 0.159 0.156 0.154 0.15 0.146 0.943219 0.961236 0.970426 0.98345 0.991217
5400 0.146753 0.156519 0.156 0.159 0.156 0.154 0.15 0.146 0.94265 0.96087 0.970162 0.983322 0.991163
5450 0.147264 0.156407 0.156 0.159 0.156 0.154 0.15 0.146 0.944763 0.962686 0.971752 0.984462 0.991913
5500 0.146881 0.156281 0.156 0.159 0.156 0.153 0.15 0.146 0.942173 0.96077 0.974179 0.983518 0.991369
5550 0.147044 0.156144 0.156 0.158 0.156 0.153 0.149 0.146 0.949454 0.961214 0.974591 0.986229 0.991617
5600 0.147456 0.156133 0.156 0.158 0.156 0.153 0.149 0.146 0.951001 0.96263 0.975762 0.98706 0.992221
5650 0.147453 0.156039 0.156 0.158 0.156 0.153 0.149 0.146 0.950642 0.962392 0.975649 0.987036 0.992225
5700 0.147702 0.15603 0.156 0.158 0.156 0.153 0.149 0.146 0.951616 0.963273 0.976366 0.987533 0.992581
5750 0.147408 0.156005 0.156 0.158 0.156 0.153 0.149 0.146 0.949869 0.961845 0.975344 0.986917 0.992178
5800 0.146894 0.155866 0.156 0.158 0.156 0.153 0.149 0.146 0.947269 0.959622 0.973652 0.985817 0.99142
5850 -0.711848 0.00333333 0.499997 0.499997 0.499997 0.499997 0.499997 0.499997 2.47116e-15 2.47116e-15 2.47116e-15 2.47116e-15 2.47116e-15
5900 0.146743 0.15579 0.156 0.158 0.156 0.153 0.149 0.146 0.94632 0.958843 0.97309 0.985473 0.991193
5950 0.146566 0.155689 0.155 0.158 0.155 0.153 0.149 0.146 0.944942 0.963181 0.972337 0.985042 0.990921
6000 0.146441 0.155641 0.155 0.158 0.155 0.153 0.149 0.146 0.94377 0.962385 0.971736 0.984719 0.990727
